30
69,81,102,-60,-132,-157,-133,-36,214,101,262,44,-50,-114,-176,
179,81,73,-64,-154,-190,-174,-79,330,50,251,39,-1,-85,-202,
270,188,45,-109,-189,-222,-206,-117,212,24,181,2,-40,-30,-151,
265,182,62,-98,-181,-216,-204,-123,114,29,112,13,-47,-45,-120,
264,202,64,-82,-161,-194,-180,-96,101,21,90,-5,-85,-95,-104,
259,221,73,-69,-148,-183,-174,-105,66,31,41,14,-73,-108,-115,
266,235,75,-56,-133,-169,-165,-109,20,16,0,12,-54,-102,-115,
269,245,60,-64,-138,-172,-165,-101,91,14,-26,-15,-53,-96,-117,
277,262,59,-59,-131,-166,-160,-97,131,12,-33,-24,-88,-141,-152,
284,280,57,-63,-135,-170,-165,-102,117,24,5,-3,-121,-174,-169,
287,285,50,-71,-143,-178,-172,-107,116,23,0,-1,-107,-159,-157,
289,283,46,-74,-144,-176,-166,-98,86,27,13,-8,-96,-143,-156,
296,287,52,-67,-137,-169,-162,-103,12,20,45,46,-84,-160,-202,
304,291,57,-62,-133,-168,-164,-111,7,26,36,44,-95,-173,-210,
306,291,45,-75,-146,-179,-171,-107,72,70,50,4,-110,-181,-221,
288,273,32,-88,-159,-191,-183,-118,74,65,67,66,-84,-161,-202,
282,266,33,-85,-155,-187,-178,-113,79,52,53,94,-72,-160,-208,
303,280,47,-73,-144,-176,-166,-96,126,20,10,64,-81,-181,-236,
324,273,62,-60,-134,-170,-166,-99,157,-17,-19,62,-120,-197,-215,
342,251,67,-54,-129,-165,-160,-90,163,-28,-25,63,-125,-202,-219,
358,253,73,-55,-133,-172,-170,-102,127,-47,-44,71,-128,-197,-187,
348,282,64,-72,-151,-189,-185,-119,90,-26,-2,86,-139,-202,-193,
317,234,33,-98,-173,-207,-196,-121,173,7,44,116,-90,-166,-203,
287,200,60,-82,-161,-196,-185,-107,226,5,47,83,-101,-172,-207,
270,162,100,-53,-138,-176,-167,-91,125,8,61,16,-125,-174,-175,
237,111,87,-42,-130,-168,-155,-65,195,7,56,4,-104,-144,-154,
219,155,102,-33,-114,-148,-134,-44,151,-11,4,23,-94,-162,-195,
203,158,149,-25,-109,-141,-121,-28,53,5,73,-15,-121,-180,-221,
188,121,155,-4,-98,-135,-122,-45,66,80,161,-36,-137,-204,-253,
201,109,146,26,-76,-116,-105,-40,15,38,126,-45,-146,-214,-263,
27
247,187,45,-14,-12,79,104,17,22,-35,-96,-98,-179,-305,-384,
292,156,23,-32,-33,31,96,35,41,21,-38,-113,-218,-307,-365,
325,162,12,-74,-119,-124,-76,55,73,88,27,-71,-131,-211,-283,
321,157,-16,-121,-182,-204,-180,-83,163,58,128,12,9,-55,-185,
335,164,-16,-126,-191,-219,-204,-127,97,60,110,87,32,-43,-154,
338,151,-32,-142,-209,-239,-228,-160,41,56,65,138,52,8,-93,
356,178,-35,-154,-226,-259,-252,-189,-7,51,51,138,59,77,-65,
356,189,-19,-136,-207,-239,-230,-166,-6,13,26,92,66,51,-74,
356,181,-17,-133,-203,-235,-228,-166,0,48,8,41,85,54,-87,
344,172,-25,-141,-213,-248,-244,-190,-37,70,-9,37,139,108,-48,
338,173,-23,-140,-212,-248,-246,-197,-59,103,-5,22,125,133,-42,
342,177,-24,-142,-215,-251,-250,-203,-81,68,16,56,128,136,-24,
348,172,-29,-147,-219,-255,-254,-206,-79,69,17,71,131,128,-21,
347,163,-35,-152,-224,-258,-253,-194,-17,22,-23,62,144,132,-26,
356,161,-34,-150,-221,-255,-250,-192,-22,35,-15,63,171,99,-61,
366,158,-30,-145,-216,-252,-252,-204,-73,91,-1,47,186,94,-48,
340,161,-39,-159,-232,-269,-268,-218,-79,72,-9,77,212,142,-7,
353,164,-39,-157,-230,-266,-264,-211,-61,59,-14,63,168,136,-26,
344,165,-45,-165,-238,-275,-274,-224,-83,81,-1,84,144,181,8,
339,165,-35,-154,-227,-263,-262,-211,-65,85,-6,67,185,104,-41,
283,138,-2,-116,-188,-224,-223,-171,-20,58,-22,38,234,8,-94,
271,132,-1,-116,-191,-230,-232,-186,-50,78,-29,25,181,48,-18,
272,136,24,-88,-164,-207,-214,-178,-72,93,-8,21,186,7,-85,
267,146,45,-73,-154,-197,-204,-165,-45,74,-20,51,131,-77,-152,
262,131,45,-61,-142,-189,-201,-169,-54,106,-18,78,62,-107,-161,
214,90,80,-20,-123,-179,-192,-156,-29,99,-10,101,33,-115,-168,
186,80,139,-63,-165,-209,-205,-136,95,35,41,93,54,-40,-153,
32
36,14,-42,-88,-107,-90,-27,20,-20,-19,22,44,67,146,93,
35,0,-52,-84,-95,-78,-18,11,-43,-44,16,59,69,200,94,
55,6,-46,-78,-88,-75,-48,-43,-60,-51,-3,53,95,181,128,
38,15,-21,-50,-68,-70,-60,-55,-52,-18,49,48,48,127,93,
18,9,-33,-33,-33,-61,-56,-13,-19,-24,33,40,23,123,83,
-2,-34,-15,-11,-71,-93,-60,21,-14,-29,43,85,38,80,85,
14,-24,-7,-10,-83,-114,-85,17,-5,-27,80,94,3,38,70,
60,-1,-37,-71,-100,-105,-69,-3,-22,-21,82,75,-5,13,87,
104,12,-34,-54,-62,-61,-46,-48,-65,-43,54,51,-15,-4,39,
153,35,-10,-27,-52,-71,-48,12,-21,-51,-9,47,-27,-65,-61,
268,94,11,-42,-79,-95,-77,-3,13,-59,-55,12,-54,-115,-104,
397,179,9,-95,-158,-183,-164,-86,-8,-53,-30,8,-35,-58,-70,
364,189,-10,-124,-193,-223,-211,-139,26,-22,0,102,17,-19,-63,
336,199,-15,-134,-206,-239,-231,-166,-1,-13,-7,129,79,36,-40,
340,206,-17,-140,-213,-248,-242,-182,1,19,-26,43,103,85,-36,
341,205,-11,-133,-206,-240,-233,-170,26,20,-27,8,49,88,-37,
341,201,-10,-132,-204,-238,-232,-169,22,22,-15,46,58,34,-46,
340,200,-20,-142,-215,-250,-245,-185,-6,25,-7,113,95,32,-49,
341,199,-21,-143,-217,-251,-246,-186,-9,24,-5,89,74,55,-28,
345,197,-17,-140,-214,-250,-248,-196,-46,57,-11,60,92,47,-17,
330,183,-24,-147,-222,-259,-259,-209,-67,103,9,125,120,32,-31,
328,171,-24,-145,-220,-258,-258,-210,-78,122,18,130,148,31,-43,
334,178,-20,-141,-216,-253,-254,-207,-77,159,26,102,128,23,-61,
337,184,-15,-136,-210,-247,-246,-198,-65,158,22,64,98,20,-74,
337,197,-14,-137,-211,-249,-248,-200,-70,154,28,60,98,35,-75,
355,180,-25,-144,-216,-250,-244,-186,-30,82,52,77,51,49,-73,
369,186,-28,-148,-219,-252,-244,-181,-10,62,65,47,1,46,-58,
364,193,-30,-150,-223,-257,-251,-191,-31,63,49,51,9,68,-32,
334,210,-30,-154,-228,-264,-260,-204,-44,65,17,104,60,54,-38,
313,234,-27,-155,-231,-269,-267,-216,-68,111,21,151,83,20,-59,
295,221,-25,-154,-232,-270,-271,-221,-79,136,23,209,84,12,-42,
263,155,-1,-129,-206,-243,-239,-183,-17,106,57,185,56,-25,-108,
26
172,11,-43,-53,-46,-69,-88,-73,-34,-28,-22,31,46,-7,-13,
164,52,-2,-22,-47,-82,-96,-75,-35,-31,-28,18,42,0,-5,
213,60,16,-17,-84,-131,-140,-112,-63,-37,-4,52,41,8,-8,
284,126,1,-95,-159,-188,-181,-127,-30,-12,12,133,73,-12,-60,
317,139,-39,-147,-213,-242,-232,-164,21,2,11,183,134,73,-56,
362,155,-36,-150,-220,-252,-245,-184,-11,21,5,140,143,88,-48,
375,171,-30,-148,-220,-256,-255,-205,-72,75,8,66,126,128,-8,
376,178,-35,-156,-229,-267,-266,-218,-86,85,9,87,174,125,-24,
379,183,-33,-154,-227,-263,-261,-208,-60,71,0,87,195,75,-68,
373,179,-37,-157,-230,-266,-264,-209,-53,45,-17,75,195,113,-39,
365,168,-44,-164,-237,-274,-272,-222,-83,102,16,102,130,174,-2,
355,160,-41,-158,-230,-266,-265,-216,-80,129,19,87,142,133,-16,
348,150,-49,-166,-238,-273,-269,-215,-60,98,26,129,111,163,-17,
351,158,-47,-165,-237,-272,-268,-213,-58,103,31,114,95,148,-32,
354,158,-35,-150,-221,-256,-254,-204,-62,120,8,67,132,83,-31,
350,164,-37,-154,-226,-262,-260,-209,-64,120,8,69,122,100,-31,
334,170,-29,-147,-220,-256,-254,-204,-69,162,36,48,88,124,-50,
304,162,-1,-118,-191,-226,-225,-177,-55,144,45,39,119,19,-118,
245,114,9,-104,-179,-216,-215,-164,-28,111,42,74,110,20,-89,
249,104,-4,-109,-180,-216,-215,-167,-42,150,62,57,93,51,-72,
291,138,6,-101,-173,-211,-216,-180,-83,107,41,38,103,31,-66,
266,104,11,-71,-137,-180,-195,-174,-97,79,43,49,92,-14,-66,
210,65,3,-62,-130,-174,-185,-156,-60,169,58,105,77,-54,-110,
207,83,29,-79,-162,-204,-208,-164,-47,193,65,59,114,6,-111,
204,93,22,-108,-191,-231,-229,-173,-15,127,80,106,106,55,-97,
194,82,47,-87,-176,-217,-214,-153,15,137,126,91,78,-18,-151,
24
370,189,-40,-164,-240,-279,-280,-232,-90,68,-48,20,187,130,43,
362,169,-50,-172,-246,-284,-283,-232,-78,41,-48,44,224,180,47,
344,159,-39,-160,-234,-271,-272,-223,-84,90,-21,54,213,192,48,
338,160,-34,-154,-228,-266,-267,-221,-88,118,-17,44,210,169,32,
355,165,-35,-155,-229,-267,-267,-221,-88,131,-12,36,165,182,12,
365,171,-33,-153,-227,-265,-266,-219,-87,116,-19,17,116,214,29,
373,172,-30,-149,-223,-261,-261,-213,-69,50,-58,-19,112,214,46,
371,165,-36,-155,-229,-267,-267,-219,-81,72,-42,-3,113,278,45,
373,160,-41,-160,-235,-273,-276,-233,-114,134,-13,19,137,273,47,
381,162,-41,-160,-234,-271,-272,-227,-103,125,-7,26,112,251,27,
380,159,-48,-167,-241,-279,-281,-235,-108,129,-9,36,102,216,74,
375,166,-45,-165,-240,-279,-281,-237,-110,117,-29,23,174,175,44,
362,178,-35,-156,-231,-271,-273,-230,-107,112,-28,18,189,137,16,
353,172,-37,-159,-233,-272,-275,-232,-111,164,-3,24,84,157,79,
344,160,-40,-160,-235,-275,-279,-239,-129,229,4,19,108,222,61,
339,165,-22,-142,-216,-256,-261,-223,-113,203,-19,-16,94,204,6,
345,181,-20,-142,-217,-258,-262,-222,-102,124,-53,-34,118,167,8,
362,181,-17,-137,-212,-252,-257,-217,-100,121,-41,-21,115,122,5,
332,168,-20,-139,-213,-251,-253,-209,-89,87,-3,27,117,141,4,
280,146,5,-116,-193,-234,-239,-200,-88,87,-10,23,159,95,5,
236,117,42,-86,-172,-218,-226,-187,-67,103,-19,39,195,14,-38,
223,96,54,-49,-139,-190,-203,-171,-64,104,-6,49,143,-32,-91,
227,115,61,-66,-152,-195,-197,-146,4,45,-2,114,58,-71,-129,
177,95,78,-91,-182,-223,-217,-149,83,27,53,165,26,-17,-100,
36
165,162,161,35,-15,7,166,28,-20,22,72,-60,-234,-356,-430,
268,173,185,-2,-76,-80,21,-5,-92,-62,36,-65,-117,-217,-309,
237,158,183,-10,-88,-97,-13,53,-63,-29,38,-63,-85,-206,-310,
209,170,184,-8,-85,-97,-24,93,-46,-31,47,-34,-108,-227,-317,
196,176,182,-7,-83,-95,-27,75,-37,-23,32,-24,-91,-225,-319,
201,172,184,-13,-90,-104,-43,63,-35,-13,47,-31,-74,-210,-309,
228,174,183,-19,-97,-111,-46,112,-20,34,19,-103,-131,-213,-306,
226,181,168,-19,-95,-107,-42,83,-19,29,-27,-117,-110,-174,-282,
197,177,140,-32,-106,-121,-64,109,-26,-7,45,-77,-100,-150,-244,
217,178,128,-47,-125,-145,-101,56,-22,-16,95,-50,-68,-124,-233,
232,160,134,-50,-131,-156,-118,37,1,-9,75,-55,-70,-100,-212,
230,159,148,-35,-115,-136,-89,80,-10,13,64,-90,-115,-143,-231,
224,174,142,-30,-106,-121,-62,119,-30,-1,17,-115,-139,-137,-206,
211,178,127,-36,-109,-125,-65,141,-34,-14,51,-98,-133,-140,-205,
220,172,125,-37,-111,-125,-61,109,-55,-35,84,-95,-138,-141,-196,
228,148,148,-33,-110,-123,-48,100,-63,-19,24,-130,-146,-122,-208,
239,146,117,-35,-108,-117,-36,91,-54,5,-46,-162,-161,-76,-174,
260,152,116,-17,-84,-84,35,11,-76,-19,-61,-167,-174,-135,-206,
252,156,168,0,-71,-66,81,-24,-90,-20,-69,-178,-191,-178,-245,
239,137,159,12,-60,-53,125,-41,-106,-48,-39,-159,-180,-179,-245,
217,101,64,-10,-67,-59,94,-42,-114,-70,67,-99,-122,-97,-185,
168,61,2,-36,-52,-18,69,-45,-87,-30,117,-49,-67,-84,-180,
144,22,-27,-40,-23,36,73,-40,-74,-21,82,-39,-71,-108,-186,
174,53,-13,-45,-43,5,10,-65,-87,-44,47,-14,-56,-84,-136,
209,84,5,-48,-78,-75,-34,-7,-48,-57,-18,12,-29,-80,-123,
235,95,30,-25,-64,-61,15,1,-81,-84,-29,-28,-58,-83,-142,
269,100,5,-49,-66,-30,55,-40,-87,-66,-8,-37,-65,-100,-164,
299,101,6,-36,-31,13,-17,-62,-60,-46,-71,-76,-37,-91,-178,
279,118,50,8,-11,-9,-21,-62,-76,-56,-68,-99,-91,-121,-201,
246,113,54,7,-16,15,21,-81,-114,-67,14,-101,-143,-150,-187,
197,90,44,9,-10,33,41,-81,-117,-67,46,-77,-109,-128,-200,
183,65,33,22,0,20,26,-82,-118,-70,27,-72,-71,-96,-213,
195,67,14,-4,2,60,14,-82,-111,-73,-4,-62,-88,-119,-191,
223,122,77,21,-11,26,47,-86,-132,-107,-28,-77,-124,-164,-225,
236,152,152,57,-2,19,60,-71,-116,-83,-36,-134,-198,-247,-295,
232,157,160,77,27,64,8,-94,-119,-59,-45,-163,-216,-255,-299,
32
-162,-122,-42,29,86,185,253,256,160,102,25,33,-60,-225,-315,
-173,-131,-45,35,84,192,263,272,160,102,25,32,-59,-225,-317,
-111,-92,-59,-3,88,169,266,267,158,64,7,28,-89,-237,-320,
-60,20,47,29,41,5,-4,-12,-47,-43,18,97,229,-19,-147,
-49,29,44,27,29,-7,-22,-34,-58,-50,14,111,247,-2,-130,
-54,14,12,-14,-29,-69,-94,-88,-54,7,114,170,217,90,-42,
-124,-80,-88,-131,-145,-130,-88,-14,53,81,190,334,217,198,80,
-115,-108,-118,-130,-128,-111,-73,9,107,93,183,319,175,159,68,
6,-44,-90,-123,-142,-144,-116,-39,84,88,149,322,139,73,18,
209,28,-73,-136,-170,-175,-148,-82,4,49,137,272,123,21,-53,
270,112,-35,-134,-196,-222,-209,-141,29,50,85,171,109,70,-65,
318,167,-22,-140,-211,-243,-233,-166,23,64,91,77,38,130,-59,
357,199,-24,-149,-224,-260,-256,-201,-53,90,87,138,61,111,-39,
358,196,-32,-158,-233,-270,-268,-216,-76,151,105,156,85,137,-56,
343,175,-37,-160,-235,-271,-270,-220,-85,209,119,156,71,145,-26,
330,158,-41,-162,-236,-273,-272,-222,-88,245,125,161,80,196,-19,
328,154,-43,-163,-237,-274,-273,-224,-93,260,120,183,91,189,-16,
336,165,-41,-163,-237,-274,-273,-223,-91,231,116,170,77,159,-14,
355,183,-37,-159,-233,-269,-267,-214,-70,166,89,134,60,111,-32,
354,178,-44,-168,-242,-280,-280,-231,-101,231,86,152,93,170,-25,
352,166,-49,-171,-245,-283,-282,-235,-107,284,93,170,120,154,-49,
351,168,-54,-176,-251,-289,-290,-244,-120,362,95,209,126,121,-55,
350,163,-55,-177,-252,-290,-290,-244,-120,306,104,160,108,177,-51,
340,157,-55,-176,-251,-288,-287,-239,-109,235,93,170,94,216,-35,
340,158,-53,-174,-249,-286,-287,-239,-110,214,52,144,109,219,3,
334,146,-55,-174,-249,-287,-288,-242,-118,201,54,193,148,170,4,
313,145,-53,-174,-249,-288,-289,-245,-122,210,36,155,155,200,55,
301,187,-51,-178,-255,-294,-296,-250,-122,211,29,164,117,220,54,
290,218,-40,-170,-247,-286,-286,-238,-102,185,49,202,108,147,-22,
295,224,-37,-166,-243,-281,-281,-231,-90,153,37,198,118,88,-48,
287,200,-26,-155,-231,-268,-266,-214,-68,178,75,176,117,32,-107,
241,125,-2,-128,-204,-240,-235,-176,-15,200,159,118,112,-34,-171,
35
87,90,79,-84,-163,-195,-182,-108,99,125,260,59,-9,-29,-100,
276,168,41,-99,-178,-214,-206,-140,30,128,172,23,-22,-41,-132,
297,230,22,-104,-176,-205,-190,-112,80,82,89,-10,-22,-46,-162,
268,225,22,-98,-166,-193,-175,-93,97,85,89,8,-1,-86,-198,
281,240,14,-108,-178,-207,-193,-116,61,54,112,23,-21,-47,-140,
288,245,2,-122,-195,-227,-217,-150,22,82,149,41,-13,-11,-102,
277,212,-8,-127,-197,-228,-218,-151,23,108,189,29,-35,-24,-79,
290,214,-2,-120,-190,-220,-209,-141,43,99,108,29,-25,-40,-108,
309,250,15,-109,-182,-213,-202,-133,41,101,76,-27,-61,-33,-79,
300,251,22,-101,-172,-202,-189,-119,32,102,118,-43,-92,-77,-89,
288,234,9,-111,-180,-209,-194,-119,63,105,137,-21,-65,-59,-119,
304,241,1,-122,-193,-224,-211,-138,58,90,153,-9,-59,-33,-86,
318,245,2,-124,-197,-229,-217,-146,43,63,166,8,-59,-30,-51,
297,221,9,-112,-183,-212,-197,-118,42,19,140,18,-51,-23,-52,
296,209,5,-114,-183,-212,-195,-114,39,12,149,18,-52,-17,-44,
353,234,3,-123,-197,-229,-217,-145,52,47,137,23,-57,-41,-57,
360,215,-10,-137,-211,-245,-237,-172,17,58,103,87,-13,7,-43,
346,156,-18,-140,-214,-248,-242,-178,0,33,60,133,19,88,52,
324,112,-44,-150,-216,-245,-233,-160,70,18,63,122,6,90,94,
298,80,-53,-150,-211,-237,-221,-140,151,2,59,102,-8,57,113,
21,70,39,32,-21,-84,-106,-87,-24,74,104,149,126,-75,-170,
23,78,41,31,-28,-90,-111,-90,-21,83,103,161,119,-82,-176,
28,62,19,-7,-55,-101,-115,-86,-2,114,105,152,117,-39,-123,
11,3,-61,-113,-136,-131,-96,-35,60,250,156,100,90,45,-3,
-42,-32,-56,-117,-150,-144,-92,11,103,218,203,105,115,71,-7,
-59,32,-53,-126,-150,-133,-69,61,115,192,194,87,121,59,-57,
-26,12,-31,-103,-133,-122,-58,72,102,194,149,59,99,26,-89,
4,11,-37,-98,-122,-103,-31,57,80,198,129,68,55,-19,-85,
26,7,-42,-78,-94,-83,-33,55,78,168,129,14,24,0,-108,
17,28,-15,-74,-103,-93,-28,117,106,167,113,13,1,-50,-134,
4,34,2,-79,-115,-102,-23,206,106,197,67,-14,-1,-41,-136,
38,29,-21,-82,-107,-84,9,158,104,219,50,-11,-5,-77,-164,
77,55,-34,-91,-108,-80,19,143,91,179,72,-1,-36,-109,-176,
117,68,-40,-100,-117,-86,16,84,59,174,97,12,-39,-116,-177,
155,86,-7,-69,-92,-68,40,54,2,119,51,-48,-39,-117,-221,
31
65,72,216,209,350,98,6,-56,-136,-188,-180,-45,-113,-266,-330,
167,135,183,247,239,112,-53,-140,-186,-201,-188,-115,-34,-244,-342,
274,140,181,197,141,91,-103,-191,-223,-200,-116,-42,-98,-235,-332,
274,173,234,210,191,37,-120,-203,-239,-226,-151,-38,-137,-231,-296,
260,176,258,196,213,-1,-148,-228,-261,-246,-162,-2,-106,-180,-238,
259,151,206,208,180,9,-145,-229,-265,-250,-161,33,-129,-174,-190,
241,143,191,232,194,-16,-161,-242,-276,-261,-173,4,-107,-120,-114,
217,142,189,221,205,6,-144,-227,-262,-248,-168,-54,-124,-132,-102,
218,140,169,269,221,50,-112,-201,-243,-239,-178,-91,-156,-189,-164,
223,150,184,272,253,22,-127,-211,-250,-241,-164,-41,-168,-210,-185,
238,166,220,242,228,-1,-142,-223,-258,-245,-155,52,-164,-217,-217,
222,156,210,253,249,-2,-144,-222,-253,-235,-136,28,-146,-200,-229,
203,157,210,245,243,25,-121,-204,-241,-233,-165,-34,-126,-189,-214,
183,158,221,230,211,68,-84,-174,-221,-228,-191,-122,-151,-194,-190,
178,154,223,219,190,103,-66,-158,-204,-212,-190,-183,-209,-214,-166,
175,157,235,210,171,132,-48,-146,-193,-189,-109,-126,-242,-280,-255,
179,151,226,185,121,186,-27,-136,-185,-177,-73,-96,-234,-285,-290,
194,137,197,158,77,181,-31,-149,-195,-178,-39,-107,-233,-263,-231,
209,127,174,122,35,87,9,-125,-172,-148,-3,-93,-195,-231,-246,
226,158,232,78,-1,13,134,-60,-128,-126,-72,-94,-177,-248,-302,
225,191,236,53,-16,-7,169,-38,-125,-133,-72,-79,-192,-265,-309,
257,186,219,34,-39,-41,70,1,-90,-90,-45,-93,-182,-264,-326,
265,173,206,21,-59,-75,-12,46,-59,-72,-33,-65,-153,-245,-313,
259,150,108,-20,-97,-122,-87,47,14,-25,6,-46,-118,-183,-243,
224,91,27,-55,-120,-146,-123,-17,82,14,123,28,-84,-140,-182,
199,46,-26,-82,-127,-147,-128,-49,111,67,143,61,-61,-110,-129,
214,80,20,-64,-133,-164,-148,-64,127,36,79,66,-30,-106,-175,
215,92,66,-30,-115,-151,-136,-44,142,8,31,49,-54,-152,-223,
205,85,86,-16,-111,-149,-132,-30,97,6,97,-5,-111,-164,-202,
205,89,109,-15,-114,-154,-137,-34,94,12,155,-50,-148,-174,-169,
197,88,120,-19,-119,-158,-141,-46,61,30,151,-35,-101,-121,-164,
34
1,49,34,33,6,-40,-50,-29,0,38,71,99,148,-89,-197,
-16,36,19,13,-13,-63,-77,-51,-7,35,88,120,192,-15,-132,
-34,-35,-44,-75,-110,-126,-115,-77,-19,60,229,185,185,164,20,
15,-35,-85,-111,-131,-145,-134,-83,11,99,297,151,129,218,18,
52,10,-42,-100,-135,-136,-96,-13,33,95,221,50,77,106,-64,
166,80,-26,-98,-135,-131,-69,50,0,45,136,-16,8,18,-140,
323,250,124,-25,-95,-111,-68,-19,-62,-47,-14,-64,-89,-186,-280,
304,248,173,25,-34,-33,-7,-56,-80,-71,-123,-153,-114,-196,-307,
234,201,223,60,3,25,50,-34,-38,-46,-158,-207,-193,-219,-309,
236,188,277,73,14,61,70,-40,-25,-57,-195,-251,-242,-229,-300,
252,184,310,110,53,122,9,-76,-51,-20,-200,-278,-298,-288,-294,
245,189,278,160,121,140,-34,-106,-100,-54,-183,-265,-295,-297,-307,
247,178,260,163,126,115,-57,-126,-111,55,-161,-256,-285,-293,-323,
234,176,258,176,143,85,-68,-133,-118,63,-160,-261,-291,-289,-298,
218,165,240,179,148,84,-76,-147,-148,-48,-122,-230,-259,-251,-262,
235,177,254,188,144,58,-82,-151,-160,-104,-125,-212,-239,-237,-258,
224,173,245,180,137,67,-71,-137,-134,-37,-145,-246,-277,-261,-234,
193,162,240,162,128,77,-67,-137,-142,-58,-93,-202,-236,-235,-250,
215,157,232,152,92,80,-67,-146,-160,-91,-85,-199,-231,-213,-206,
225,153,227,146,73,79,-57,-142,-159,-90,-88,-211,-251,-232,-183,
209,147,220,131,45,19,-66,-139,-153,-77,-16,-176,-221,-207,-181,
203,128,197,110,30,89,-8,-123,-147,-66,-35,-183,-216,-202,-220,
216,126,195,102,19,81,22,-107,-129,-46,-104,-201,-206,-173,-240,
214,122,186,79,-8,9,59,-78,-109,-29,-87,-189,-198,-162,-216,
232,151,198,46,-23,1,128,-61,-98,-12,-81,-196,-225,-222,-250,
234,166,223,41,-30,-20,126,-27,-79,-4,-61,-190,-241,-262,-287,
239,152,216,23,-57,-64,33,4,-83,-53,-48,-173,-225,-223,-192,
240,150,191,-1,-84,-100,-31,57,-70,-59,-19,-146,-203,-197,-152,
260,183,103,-38,-110,-130,-88,30,-4,32,26,-130,-179,-181,-189,
272,184,88,-45,-116,-137,-100,23,16,40,32,-127,-183,-192,-198,
271,148,69,-32,-95,-111,-70,52,25,16,-21,-107,-144,-178,-232,
246,146,94,-44,-121,-145,-109,38,34,18,53,-95,-149,-171,-210,
207,102,135,-30,-125,-159,-135,-12,99,46,111,-96,-162,-178,-196,
194,88,136,-25,-125,-162,-141,-31,121,49,146,-65,-133,-167,-216,
31
39,45,3,-42,-73,-84,-72,-44,-6,54,135,117,91,-9,-97,
34,54,18,-49,-90,-101,-88,-59,-19,48,152,163,99,-12,-91,
42,40,45,-50,-101,-112,-98,-74,-39,29,140,175,100,-12,-82,
80,56,38,-40,-96,-123,-126,-109,-70,-4,93,154,91,7,-49,
181,78,22,-28,-80,-116,-131,-129,-113,-75,13,135,55,1,-36,
225,81,2,-60,-111,-143,-150,-131,-90,-43,16,115,71,-5,-35,
143,89,45,-53,-126,-159,-153,-100,-15,15,34,25,22,51,-12,
158,90,44,-61,-138,-173,-165,-104,39,118,53,-14,-15,34,-51,
295,202,20,-104,-177,-211,-202,-136,45,83,128,46,-62,-94,-110,
306,268,39,-85,-158,-193,-187,-126,35,74,75,2,-106,-143,-131,
290,269,48,-71,-144,-179,-178,-130,-11,67,53,21,-78,-130,-141,
290,269,34,-91,-165,-202,-201,-155,-37,113,80,68,-11,-84,-139,
288,262,4,-123,-198,-233,-228,-170,-18,105,84,87,49,7,-101,
290,264,7,-120,-194,-230,-226,-172,-37,82,53,27,6,47,-17,
278,250,-5,-132,-207,-243,-240,-188,-54,113,101,91,43,57,-42,
275,243,-1,-125,-199,-234,-231,-178,-47,103,119,117,46,5,-85,
282,247,16,-103,-176,-213,-214,-172,-76,45,84,97,28,-27,-75,
283,246,12,-108,-180,-215,-211,-158,-29,72,74,96,3,-50,-94,
288,247,8,-112,-184,-216,-207,-145,8,93,130,93,-2,-85,-167,
294,243,21,-95,-164,-195,-188,-132,-20,52,120,55,-39,-98,-152,
304,248,32,-83,-152,-184,-176,-118,-1,31,64,38,-68,-123,-153,
295,243,30,-86,-155,-187,-180,-118,34,17,0,22,-50,-97,-107,
295,246,11,-110,-181,-212,-201,-128,106,46,83,28,-81,-109,-107,
301,255,3,-120,-191,-222,-210,-136,98,54,142,30,-80,-107,-126,
316,258,6,-117,-189,-220,-209,-138,66,77,107,9,-67,-89,-128,
315,238,11,-112,-185,-218,-210,-147,34,93,76,28,-65,-98,-116,
278,156,25,-96,-170,-205,-200,-141,15,107,58,36,-8,-52,-115,
264,144,33,-86,-161,-194,-184,-114,64,48,46,36,-10,-64,-139,
269,164,42,-84,-158,-190,-176,-101,92,88,82,4,-44,-116,-200,
215,107,88,-58,-147,-184,-173,-97,123,133,117,-7,-61,-136,-221,
196,91,76,-43,-133,-174,-167,-97,148,62,53,38,-50,-121,-178,
29
79,62,166,69,-28,-45,9,142,119,102,71,29,-197,-334,-414,
167,82,130,74,-45,-71,-15,130,68,121,43,34,-199,-352,-439,
263,146,207,8,-79,-101,-55,80,28,49,50,-59,-186,-309,-389,
270,164,223,-3,-89,-113,-70,80,13,6,11,-95,-179,-265,-334,
251,156,239,0,-90,-118,-81,89,3,-41,-5,-65,-157,-233,-292,
243,151,200,-22,-108,-131,-85,124,-24,-41,32,-74,-138,-183,-242,
240,157,194,-25,-108,-128,-76,46,-53,-36,89,-70,-112,-157,-242,
217,148,215,-16,-101,-122,-78,4,-50,-20,103,-61,-95,-151,-244,
209,147,227,-10,-93,-111,-56,12,-58,-19,120,-52,-89,-186,-285,
200,150,249,6,-75,-91,-32,18,-49,-4,73,-75,-130,-214,-296,
208,156,265,14,-69,-86,-32,1,-68,-43,90,-77,-156,-209,-263,
223,162,321,37,-45,-57,-19,-60,-103,-67,34,-64,-128,-207,-285,
226,166,337,53,-27,-30,2,-79,-127,-104,-14,-60,-133,-209,-280,
231,173,316,85,6,24,68,-83,-144,-140,-79,-105,-191,-248,-287,
222,160,285,96,19,50,7,-114,-159,-138,-56,-105,-177,-222,-263,
225,155,262,112,41,74,-55,-155,-190,-157,0,-69,-167,-217,-267,
242,174,284,157,142,57,-111,-191,-214,-171,-16,-88,-175,-247,-320,
260,171,268,168,165,51,-119,-199,-224,-192,-94,-81,-139,-236,-325,
254,185,268,192,180,23,-125,-207,-244,-236,-172,-22,-94,-215,-286,
276,205,304,194,218,-23,-160,-239,-277,-271,-209,-28,-79,-185,-231,
278,216,340,203,185,-66,-193,-267,-300,-292,-225,-43,-51,-136,-172,
296,223,334,230,168,-68,-192,-266,-301,-297,-240,-86,-7,-154,-219,
308,226,347,251,174,-65,-189,-265,-304,-305,-260,-139,-3,-161,-232,
300,203,302,238,155,-80,-205,-282,-320,-320,-275,-165,21,-55,-133,
312,216,304,269,114,-93,-213,-288,-326,-326,-280,-154,76,-102,-142,
342,250,315,292,126,-76,-198,-277,-323,-334,-300,-183,45,-178,-204,
337,245,318,289,109,-73,-190,-267,-311,-322,-293,-199,69,-149,-229,
333,249,333,301,101,-79,-194,-270,-313,-324,-297,-212,36,-136,-237,
371,290,291,304,95,-80,-192,-266,-309,-321,-296,-214,16,-142,-241,
29
55,84,228,30,-81,-123,-112,-32,72,43,122,90,-47,-151,-224,
51,52,190,29,-72,-109,-99,-34,67,83,153,70,-69,-158,-214,
136,66,91,15,-89,-127,-105,5,82,55,173,4,-69,-156,-237,
239,132,159,-51,-140,-173,-150,-41,48,13,77,-66,-100,-75,-139,
240,138,155,-60,-150,-185,-166,-62,86,4,106,-41,-101,-99,-138,
221,123,177,-51,-144,-178,-157,-49,94,21,146,-42,-97,-112,-175,
210,127,171,-56,-148,-183,-164,-69,47,14,190,-28,-79,-73,-142,
209,143,145,-57,-146,-181,-165,-72,138,36,134,-31,-103,-118,-148,
212,152,122,-64,-149,-182,-162,-62,168,51,52,-69,-100,-76,-130,
217,146,120,-76,-164,-199,-184,-93,157,24,91,-26,-71,-40,-99,
224,151,125,-71,-160,-195,-181,-94,132,28,129,0,-70,-87,-144,
232,158,146,-52,-141,-177,-165,-92,18,27,170,18,-67,-125,-193,
229,145,141,-59,-147,-180,-159,-56,49,-3,124,0,-55,-86,-174,
222,133,157,-53,-142,-173,-146,-18,51,1,60,-61,-76,-44,-156,
226,134,202,-23,-112,-139,-99,89,-7,-40,-30,-105,-124,-94,-144,
233,137,199,-13,-101,-122,-63,127,-73,-94,-43,-83,-122,-112,-140,
245,148,210,0,-79,-82,52,-39,-135,-125,-32,-99,-146,-133,-158,
277,193,189,29,-31,-1,109,-90,-146,-126,-80,-146,-184,-194,-227,
314,217,164,38,8,132,-47,-149,-165,-87,-98,-198,-201,-179,-262,
396,166,76,61,140,34,-66,-109,-111,-40,59,-191,-296,-351,-377,
397,154,67,62,182,14,-66,-89,-85,-34,57,-193,-306,-365,-389,
390,149,62,56,179,25,-53,-74,-79,-46,74,-192,-310,-369,-392,
381,146,60,60,188,-11,-85,-92,-46,24,86,-159,-295,-376,-425,
380,145,60,61,156,-14,-82,-86,-48,-3,51,-161,-285,-354,-387,
384,146,57,47,131,5,-69,-77,-35,34,48,-167,-294,-371,-416,
384,149,52,19,52,65,-25,-53,-26,27,131,-136,-303,-407,-472,
317,212,264,154,97,104,-11,-96,-124,-98,-77,-190,-305,-394,-454,
319,220,286,213,169,68,-60,-129,-153,-145,-134,-172,-284,-389,-459,
303,217,306,234,184,73,-72,-158,-205,-220,-194,-109,-234,-368,-445,
24
108,81,188,41,-66,-101,-79,16,181,145,240,11,-195,-321,-397,
241,118,223,6,-96,-131,-108,0,153,88,80,-8,-162,-293,-374,
257,150,147,-57,-144,-175,-150,-24,30,-38,28,-24,-72,-101,-180,
247,138,147,-62,-150,-182,-157,-30,9,-52,65,10,-69,-87,-155,
228,111,168,-43,-139,-176,-158,-53,94,-6,103,-5,-94,-130,-178,
217,110,170,-51,-146,-181,-161,-49,139,18,162,-17,-85,-144,-225,
225,136,131,-51,-136,-166,-139,-10,93,31,114,-46,-95,-154,-238,
231,143,111,-54,-135,-162,-130,13,46,11,81,-64,-99,-116,-197,
218,125,138,-59,-147,-180,-156,-41,106,35,80,-69,-93,-70,-160,
216,140,115,-71,-158,-190,-170,-68,154,34,56,-65,-86,-33,-122,
215,126,149,-57,-148,-185,-168,-71,180,9,71,-15,-84,-104,-150,
221,125,149,-56,-149,-186,-171,-73,124,-27,51,9,-106,-127,-105,
233,145,143,-54,-144,-179,-163,-64,78,-25,65,7,-112,-142,-135,
235,149,154,-47,-138,-175,-161,-73,127,8,82,-18,-125,-161,-167,
232,154,106,-67,-152,-185,-166,-65,107,0,110,0,-89,-118,-160,
235,151,111,-65,-148,-179,-153,-26,42,-34,80,-15,-97,-112,-149,
249,161,141,-45,-129,-159,-131,4,-16,-67,41,-36,-149,-171,-138,
279,197,126,-34,-111,-133,-96,-12,-79,-88,45,-65,-171,-193,-162,
400,202,99,14,-58,-103,-106,-49,7,-21,104,-147,-269,-317,-312,
404,198,102,34,-28,-73,-80,-40,-13,-17,141,-150,-282,-350,-384,
425,208,112,50,-8,-57,-78,-70,-49,-1,54,-169,-287,-355,-392,
424,204,87,7,-44,-67,-55,-24,-45,-43,67,-139,-265,-331,-364,
183,114,94,2,-56,-47,105,4,-63,-31,-69,-105,55,-160,-302,
191,123,97,0,-56,-43,135,-4,-67,-36,-82,-116,41,-163,-307,
15
523,553,380,194,-25,-157,-243,-293,-307,-281,-219,-146,-91,-262,-372,
522,551,375,160,-51,-180,-264,-310,-314,-259,-87,-102,-135,-266,-382,
544,519,378,160,-49,-176,-258,-302,-304,-242,-20,-111,-192,-315,-413,
558,522,417,153,-46,-171,-252,-294,-295,-233,-25,-112,-225,-349,-439,
553,508,458,127,-64,-186,-266,-309,-309,-244,12,-123,-197,-317,-416,
540,489,432,120,-73,-195,-275,-316,-314,-241,126,-130,-131,-299,-420,
530,489,443,120,-72,-194,-273,-315,-312,-239,129,-123,-116,-297,-419,
543,485,532,104,-79,-199,-277,-318,-315,-246,35,-72,-95,-323,-440,
566,492,582,100,-82,-200,-277,-315,-308,-229,59,82,-219,-412,-513,
543,480,484,105,-81,-202,-281,-323,-321,-253,30,-106,-87,-295,-421,
549,481,544,100,-80,-199,-278,-320,-321,-259,-31,-91,-120,-284,-403,
556,482,490,109,-77,-198,-277,-319,-319,-256,-18,-86,-165,-324,-431,
539,478,401,134,-63,-187,-268,-312,-313,-253,-17,-104,-205,-330,-426,
523,494,376,147,-57,-182,-262,-303,-301,-232,21,-49,-228,-390,-485,
514,505,386,149,-54,-180,-263,-307,-309,-248,30,-150,-239,-325,-407,
27
187,153,33,-30,-43,0,129,111,29,-25,-64,-101,-166,-233,-279,
234,128,18,-37,-51,-18,85,123,11,-26,-1,-39,-169,-254,-303,
207,76,0,-48,-77,-76,-27,65,5,-17,57,64,-77,-150,-189,
117,30,-8,-29,-69,-105,-108,-64,14,8,26,156,9,-69,-78,
148,30,-22,-59,-101,-131,-130,-94,-49,-35,6,143,122,12,-41,
165,29,-35,-68,-86,-104,-122,-125,-107,-68,-7,116,193,40,-10,
240,53,-25,-65,-86,-116,-150,-161,-137,-73,6,92,221,50,-11,
373,135,3,-85,-147,-184,-193,-167,-93,-3,-20,17,129,16,-37,
365,155,14,-84,-151,-189,-196,-162,-58,48,-45,-28,94,23,-63,
346,166,5,-107,-180,-217,-219,-179,-79,5,-24,13,152,92,-29,
339,181,-3,-126,-202,-243,-249,-215,-130,-1,32,78,198,127,-9,
327,178,-19,-144,-221,-261,-265,-226,-118,79,22,77,213,152,22,
330,186,-22,-148,-225,-265,-269,-229,-121,95,30,79,222,152,-6,
333,189,-18,-144,-221,-261,-266,-228,-126,70,36,78,218,138,-12,
331,181,-22,-146,-223,-264,-270,-233,-137,13,12,73,219,192,50,
334,170,-16,-137,-214,-255,-261,-227,-138,-3,1,45,189,202,61,
354,172,-4,-122,-198,-240,-249,-217,-121,76,-24,-16,130,142,13,
366,167,-6,-122,-198,-240,-250,-220,-126,152,-29,-36,88,156,16,
389,161,-4,-117,-193,-238,-252,-229,-146,98,-27,-43,95,153,8,
389,167,-4,-119,-194,-238,-250,-223,-134,139,-23,-31,117,108,-8,
367,167,-26,-144,-218,-257,-261,-222,-115,166,25,29,136,126,-33,
351,163,-23,-141,-214,-253,-257,-217,-107,165,21,44,193,78,-53,
346,160,0,-113,-186,-227,-234,-199,-96,130,-14,5,196,27,-71,
323,181,0,-121,-197,-236,-239,-197,-75,95,-26,8,179,49,-58,
295,129,1,-103,-174,-213,-217,-178,-57,99,-26,19,203,4,-66,
235,99,34,-57,-137,-185,-197,-165,-59,104,-5,56,140,-41,-96,
226,102,66,-11,-105,-163,-182,-154,-42,91,-19,69,34,-104,-143,
32
104,25,-45,-47,-46,-87,-98,-64,-14,15,95,145,135,27,-95,
71,21,-60,-72,-49,-48,-57,-35,-14,2,74,119,67,43,-18,
38,28,-66,-93,-78,-44,-22,-9,-1,10,52,87,71,56,28,
33,37,-62,-103,-103,-63,-10,-7,-1,16,25,65,120,69,42,
69,6,-22,-40,-71,-92,-85,-60,-46,-17,86,154,101,44,-54,
115,45,-3,-49,-87,-104,-95,-74,-60,-20,110,174,78,-12,-102,
160,110,40,-44,-102,-127,-120,-97,-81,-44,66,183,108,-35,-140,
241,144,49,-37,-96,-124,-123,-107,-91,-57,31,138,62,-71,-161,
286,117,23,-60,-119,-143,-128,-67,8,26,40,44,38,-89,-187,
323,153,28,-71,-133,-155,-134,-57,45,48,37,16,22,-124,-230,
350,222,2,-116,-182,-205,-178,-69,142,78,98,-38,14,-108,-252,
312,220,-6,-123,-189,-213,-188,-82,153,56,128,-29,14,-62,-224,
310,235,-4,-122,-187,-209,-179,-62,105,71,67,-76,-27,-32,-224,
322,246,4,-111,-173,-188,-143,33,52,117,-36,-144,-107,-43,-239,
327,249,13,-99,-158,-169,-115,109,33,144,-59,-152,-114,-122,-273,
320,249,21,-88,-144,-152,-91,122,15,110,-61,-148,-113,-138,-276,
314,249,30,-74,-126,-124,-42,79,-9,104,-102,-179,-141,-117,-266,
316,249,31,-74,-126,-123,-30,82,-35,47,-75,-156,-113,-141,-284,
312,243,32,-72,-123,-122,-37,121,-14,62,-64,-143,-117,-181,-299,
332,259,40,-66,-116,-112,-16,69,-18,95,-101,-180,-159,-174,-289,
336,257,38,-67,-115,-106,10,4,-57,106,-84,-169,-125,-168,-307,
328,258,36,-74,-127,-126,-40,25,-49,98,-74,-171,-140,-90,-251,
323,265,49,-63,-116,-113,-25,-9,-64,75,-76,-178,-157,-70,-224,
325,268,59,-55,-107,-96,22,-44,-98,-1,-66,-171,-141,-55,-239,
318,250,58,-58,-110,-99,43,-18,-81,35,-95,-187,-147,-67,-260,
315,213,66,-44,-95,-83,55,-2,-61,32,-98,-177,-146,-144,-279,
302,194,63,-46,-98,-86,60,-8,-75,3,-87,-168,-127,-128,-278,
281,198,79,-47,-106,-102,11,20,-55,70,-96,-183,-149,-126,-276,
284,173,68,-38,-89,-77,42,-9,-37,134,-135,-209,-175,-93,-256,
247,95,13,-47,-78,-62,16,-8,-28,38,-114,-195,-196,-103,-5,
171,20,-48,-78,-74,-29,33,19,36,3,-104,-153,-140,-46,65,
194,65,-8,-51,-64,-38,16,12,18,-1,-112,-167,-158,-67,45,
31
39,133,251,299,313,-16,-157,-234,-264,-243,-146,49,46,-27,-196,
29,116,230,313,311,5,-139,-217,-247,-225,-128,43,57,-58,-209,
164,110,158,279,282,-20,-164,-241,-270,-248,-151,18,56,-53,-222,
291,184,279,208,210,-54,-184,-256,-283,-262,-172,7,11,-155,-275,
305,214,316,262,107,-78,-190,-255,-279,-256,-168,39,-29,-202,-305,
302,219,322,300,109,-80,-190,-253,-274,-249,-169,-47,18,-209,-324,
296,227,363,284,135,-71,-183,-246,-265,-235,-144,-19,-79,-254,-356,
288,234,373,290,144,-59,-171,-233,-254,-226,-125,107,-171,-309,-391,
284,239,397,303,97,-85,-192,-252,-269,-233,-103,58,-142,-263,-349,
265,229,383,295,109,-79,-186,-245,-260,-220,-90,32,-111,-260,-357,
279,233,388,293,123,-72,-182,-243,-260,-227,-111,84,-144,-285,-373,
300,255,417,295,150,-52,-166,-232,-257,-234,-120,-15,-235,-330,-387,
276,240,383,293,122,-67,-175,-235,-250,-208,-33,-75,-205,-285,-349,
258,233,377,276,129,-69,-178,-238,-252,-206,2,-105,-208,-259,-311,
286,239,411,257,135,-66,-176,-234,-244,-187,48,-133,-210,-269,-338,
277,229,388,242,143,-56,-166,-223,-229,-156,49,-173,-227,-261,-320,
261,216,367,225,167,-43,-157,-213,-215,-122,-17,-205,-244,-255,-299,
275,224,388,240,175,-41,-152,-204,-193,-42,-136,-259,-286,-276,-296,
280,226,379,246,201,-17,-129,-177,-154,76,-194,-298,-333,-329,-319,
281,235,368,230,187,25,-82,-123,-70,-45,-241,-328,-364,-363,-340,
271,233,346,208,144,42,-50,-74,50,-116,-270,-347,-379,-373,-330,
270,223,339,187,126,55,-34,-54,129,-143,-283,-354,-382,-368,-306,
285,197,286,177,121,157,39,14,13,-190,-302,-363,-384,-373,-347,
301,218,320,177,130,156,76,110,-77,-237,-328,-376,-387,-378,-380,
303,214,271,182,139,187,120,231,-102,-257,-350,-403,-421,-408,-377,
297,200,250,225,171,242,136,235,-107,-264,-362,-421,-449,-446,-418,
287,182,234,229,151,221,144,204,-110,-264,-359,-414,-436,-425,-391,
286,180,214,255,156,197,143,117,-85,-240,-339,-400,-427,-423,-392,
290,184,210,214,127,152,184,122,-64,-224,-331,-400,-435,-431,-379,
262,163,172,194,126,161,232,245,-35,-219,-335,-408,-446,-443,-382,
268,181,183,182,131,162,207,290,-29,-213,-329,-405,-445,-448,-406,
36
79,82,202,14,-67,-88,-46,136,88,68,138,-50,-157,-233,-288,
216,108,151,-3,-100,-133,-104,31,68,47,171,-53,-143,-221,-289,
278,179,135,-47,-127,-152,-118,0,18,42,60,-77,-109,-183,-276,
273,170,161,-30,-115,-144,-120,-15,91,45,-9,-82,-117,-191,-273,
272,178,172,-7,-91,-120,-94,12,123,36,-44,-111,-158,-227,-294,
250,166,148,-27,-109,-136,-106,7,47,35,40,-58,-107,-183,-263,
238,149,144,-50,-137,-168,-144,-32,60,13,119,-26,-82,-130,-209,
244,160,139,-52,-137,-166,-139,-10,47,-1,108,-50,-112,-137,-192,
248,178,146,-37,-120,-149,-120,7,27,-6,105,-70,-153,-180,-196,
241,190,130,-32,-114,-145,-122,-15,52,-2,129,-59,-167,-205,-205,
244,194,133,-36,-116,-145,-119,-7,45,10,64,-77,-153,-179,-192,
252,205,122,-32,-109,-135,-109,-12,24,22,50,-83,-148,-179,-209,
249,203,110,-23,-98,-128,-109,-12,66,-16,14,-27,-140,-201,-230,
257,197,120,-24,-104,-137,-120,-19,78,-22,46,-35,-167,-219,-225,
264,178,132,-37,-121,-153,-132,-30,64,-6,72,-32,-142,-194,-224,
249,138,121,-32,-116,-146,-120,2,51,1,71,-48,-127,-174,-221,
251,119,64,-42,-118,-150,-132,-35,114,3,68,22,-107,-173,-211,
241,110,68,-22,-98,-129,-106,14,32,-44,31,51,-122,-189,-215,
206,83,33,0,-42,-61,-24,88,-32,-82,-35,41,-114,-176,-180,
140,85,49,-2,-52,-64,-12,103,-34,-72,-25,30,-77,-128,-134,
131,57,38,18,-50,-79,-35,110,-46,-87,-42,27,-43,-76,-77,
121,27,9,5,-65,-96,-48,137,-67,-98,-18,61,-50,-54,-21,
144,35,5,-22,-83,-103,-37,70,-99,-118,-15,70,-70,-60,35,
107,32,-13,-54,-88,-90,-31,21,-74,-86,3,103,-18,-16,50,
32,14,34,-40,-89,-89,-46,-40,-73,-58,30,101,34,35,70,
7,1,33,-52,-90,-58,74,-42,-92,-66,24,51,47,101,66,
15,-8,-20,-57,-73,-34,77,-16,-65,-48,4,26,53,110,53,
4,-11,-1,-44,-71,-41,23,-37,-66,-28,61,52,42,76,59,
5,-1,19,-8,-44,-31,16,-40,-83,-60,27,22,2,83,94,
18,15,-2,-24,-44,-23,91,-39,-108,-92,38,30,-23,98,70,
26,-3,-30,-49,-60,-32,155,-20,-102,-92,24,72,14,124,16,
42,9,9,-2,-45,-36,144,-38,-128,-130,-46,69,8,71,39,
53,16,20,33,-16,-20,68,-40,-115,-108,12,52,-51,-30,6,
90,26,25,56,-11,-23,80,-55,-133,-125,3,20,-79,-53,-17,
100,32,36,86,2,-11,91,-61,-141,-141,-53,14,-72,-67,-39,
138,48,47,92,1,-3,76,-90,-158,-147,-28,-6,-92,-66,-59,
29
59,129,71,69,44,-31,-65,-54,-33,-50,-38,49,-12,-102,-129,
93,90,65,50,4,-47,-66,-46,-35,-67,-53,57,-19,-99,-84,
120,41,-13,-50,-68,-64,-29,14,-39,-73,-29,231,-34,-102,-58,
135,19,-34,-57,-69,-74,-49,11,-34,-77,-32,274,-43,-107,-55,
185,46,-26,-63,-75,-74,-61,-24,-17,-59,-33,188,-48,-122,-76,
237,65,-12,-45,-57,-78,-94,-60,45,-27,-42,123,-49,-136,-105,
227,65,-5,-30,-42,-76,-97,-67,44,-1,-28,93,-27,-119,-111,
331,100,-5,-61,-89,-110,-122,-99,-10,10,-33,50,9,-107,-131,
376,168,1,-105,-173,-207,-205,-156,-25,27,-16,72,51,-54,-85,
361,186,-22,-140,-212,-247,-243,-187,-31,11,-16,125,80,3,-23,
369,160,-39,-158,-231,-269,-270,-225,-98,151,21,147,115,35,9,
390,161,-35,-152,-225,-263,-265,-222,-107,218,49,106,167,44,-56,
390,166,-39,-158,-232,-270,-272,-230,-116,220,56,136,192,32,-72,
388,142,-57,-176,-250,-289,-292,-251,-138,213,47,153,185,125,30,
388,150,-50,-168,-242,-281,-286,-246,-139,170,47,113,189,117,30,
380,158,-46,-165,-240,-279,-282,-243,-138,125,113,143,95,104,28,
372,147,-50,-168,-242,-280,-282,-241,-131,163,106,148,105,134,21,
378,160,-41,-159,-233,-272,-276,-236,-130,153,60,97,165,108,-7,
368,155,-43,-161,-236,-275,-279,-242,-139,139,65,95,153,134,29,
366,150,-48,-166,-240,-279,-283,-243,-135,181,54,75,112,176,55,
374,141,-47,-163,-236,-274,-277,-237,-130,178,76,70,108,172,-1,
360,166,-29,-147,-221,-260,-265,-228,-128,150,54,31,116,126,-45,
340,179,-24,-145,-221,-262,-269,-234,-137,162,32,24,164,108,-46,
334,180,-22,-144,-222,-264,-272,-239,-143,156,14,24,226,94,-19,
294,186,3,-125,-205,-248,-256,-222,-120,224,8,29,204,49,-44,
203,61,20,-10,-80,-132,-148,-124,-50,37,0,-11,30,0,-86,
174,39,17,32,-53,-106,-107,-65,-36,-24,11,-20,-29,0,-69,
173,45,20,30,-48,-104,-112,-79,-33,-8,12,0,2,-13,-94,
235,83,67,72,-79,-163,-199,-188,-108,163,2,70,59,-109,-155,
26
343,166,-29,-150,-224,-262,-263,-218,-93,23,-32,42,248,143,32,
339,165,-51,-173,-248,-285,-285,-235,-92,47,-31,75,212,235,49,
301,151,-38,-159,-233,-268,-263,-206,-46,81,71,187,85,157,-52,
338,170,-36,-155,-226,-258,-249,-182,9,70,123,121,93,14,-155,
376,185,-26,-143,-211,-238,-221,-135,126,12,96,34,35,10,-167,
380,188,-22,-137,-204,-229,-207,-109,240,8,65,-22,-13,14,-168,
373,210,-8,-123,-188,-211,-183,-72,146,35,25,-79,-59,-10,-187,
379,236,6,-109,-171,-188,-149,0,57,63,-45,-147,-130,-21,-189,
379,251,14,-100,-160,-171,-116,107,2,54,-64,-158,-123,-60,-244,
364,257,19,-94,-153,-162,-102,110,-13,50,-58,-152,-109,-80,-256,
373,272,35,-75,-127,-123,-25,-4,-78,14,-79,-176,-141,-75,-253,
373,278,43,-65,-113,-99,44,-23,-72,14,-146,-219,-178,-24,-255,
369,275,42,-65,-112,-96,63,-14,-58,48,-158,-230,-192,-72,-265,
349,258,34,-71,-118,-103,59,-16,-69,77,-142,-222,-188,-52,-254,
343,251,30,-75,-123,-108,51,-23,-81,79,-123,-209,-166,-33,-266,
352,255,32,-73,-120,-104,62,-26,-76,135,-135,-217,-173,-58,-276,
358,258,36,-69,-116,-99,69,-30,-75,156,-137,-223,-194,-86,-258,
367,272,36,-73,-121,-108,26,-24,-67,182,-150,-232,-199,-37,-253,
363,278,33,-77,-129,-122,-17,-2,-51,137,-154,-233,-199,27,-242,
358,270,39,-70,-119,-104,51,-35,-85,89,-134,-224,-196,-21,-237,
352,250,40,-69,-117,-100,82,-42,-93,80,-117,-210,-175,-55,-263,
335,229,39,-70,-119,-105,60,-34,-88,95,-115,-205,-156,-36,-276,
316,188,37,-67,-116,-102,52,-20,-75,124,-107,-192,-128,-77,-289,
310,192,42,-64,-113,-99,51,-16,-68,139,-121,-201,-144,-60,-283,
282,212,85,-46,-104,-96,43,-11,-80,47,-70,-174,-154,-174,-299,
254,167,101,-38,-101,-98,35,-2,-83,28,-41,-164,-159,-175,-287,
30
135,76,43,-24,-75,-75,1,21,-39,35,81,-46,1,-113,-245,
155,16,-59,-102,-114,-86,-2,4,-38,8,98,4,11,24,-92,
310,97,-18,-87,-118,-101,2,-4,-85,-60,61,-8,-23,-58,-170,
356,152,20,-62,-101,-89,7,-10,-73,-30,-15,-81,-31,-127,-259,
335,116,0,-73,-107,-88,34,-24,-89,-33,25,-99,-88,-43,-182,
330,106,-6,-75,-103,-75,79,-42,-103,-55,54,-71,-71,-65,-186,
327,112,-16,-86,-112,-87,16,-14,-62,7,57,-59,-48,-87,-202,
293,102,-19,-83,-105,-85,-36,-31,-27,62,64,-19,-37,-117,-201,
284,114,-17,-89,-122,-114,-56,32,9,27,30,-31,-51,-98,-172,
297,171,1,-96,-149,-161,-116,42,-6,-31,71,-11,-62,-90,-166,
321,203,0,-111,-174,-197,-173,-78,13,-26,85,58,-30,-74,-154,
334,195,-20,-137,-206,-235,-220,-143,29,-1,85,52,-9,52,-66,
333,191,-16,-132,-201,-232,-222,-152,63,0,-5,113,56,-16,-87,
320,179,-20,-133,-202,-234,-225,-158,70,-6,-30,110,79,-18,-62,
333,177,-27,-143,-213,-246,-239,-176,27,-5,-35,103,105,13,-26,
342,172,-36,-154,-225,-260,-255,-197,-26,39,-7,127,114,49,-28,
347,174,-32,-149,-220,-254,-248,-189,-12,41,-4,90,78,46,-25,
354,177,-21,-136,-207,-243,-240,-186,-25,53,-19,100,88,-30,-70,
363,175,-23,-139,-210,-245,-242,-188,-28,54,-20,84,118,-14,-74,
364,174,-27,-143,-215,-250,-248,-196,-45,71,-17,43,122,50,-41,
358,171,-33,-151,-223,-260,-259,-210,-72,117,-1,65,131,64,-23,
353,168,-42,-162,-236,-273,-274,-227,-92,120,-7,87,203,72,-15,
347,165,-47,-168,-242,-281,-282,-237,-107,116,-12,86,222,98,27,
348,176,-42,-163,-238,-276,-276,-228,-87,74,-31,59,175,85,33,
334,198,-32,-156,-230,-267,-266,-214,-60,42,-37,43,149,90,1,
313,194,-15,-140,-215,-253,-252,-203,-62,68,-20,41,149,75,-26,
291,138,-20,-135,-208,-245,-246,-200,-66,126,-3,75,157,28,-26,
278,155,-8,-130,-206,-246,-248,-203,-70,117,-5,99,142,-2,-38,
287,216,5,-124,-201,-240,-239,-188,-31,62,-21,79,115,-20,-77,
250,182,41,-89,-169,-210,-214,-171,-35,117,-8,74,109,-62,-127,
38
168,137,150,40,-27,-34,-1,-53,-113,-127,-110,-79,-25,-61,-164,
216,150,124,20,-42,-39,28,-60,-128,-132,-90,-56,-26,-79,-185,
334,280,139,0,-50,-14,40,-125,-183,-173,-99,-51,-96,-176,-260,
316,291,160,29,-10,53,-18,-136,-174,-145,-72,-102,-147,-221,-302,
296,236,183,74,62,72,-91,-169,-183,-118,-54,-161,-177,-178,-255,
327,306,197,103,116,-12,-137,-197,-201,-119,-52,-181,-197,-195,-271,
358,382,221,151,65,-74,-166,-210,-200,-100,-86,-184,-179,-221,-323,
390,403,230,178,49,-98,-189,-232,-222,-114,-71,-186,-167,-229,-347,
415,348,213,191,67,-99,-197,-247,-250,-186,-66,-165,-178,-202,-300,
397,247,167,169,93,-60,-149,-190,-183,-112,-88,-152,-164,-231,-318,
328,209,141,134,104,-24,-104,-135,-115,-68,-116,-140,-125,-232,-327,
296,257,148,112,102,-7,-90,-125,-112,-79,-111,-129,-145,-254,-340,
325,307,156,76,115,19,-125,-190,-192,-105,-47,-164,-165,-209,-313,
312,303,140,39,37,124,-97,-181,-194,-114,-10,-170,-185,-176,-261,
298,273,121,16,-14,55,-20,-130,-153,-79,-35,-167,-190,-172,-221,
294,263,91,-19,-66,-48,44,-63,-104,-45,-68,-161,-161,-111,-192,
290,248,56,-53,-110,-119,-75,-39,-78,-52,-21,-101,-99,-21,-124,
302,235,21,-93,-160,-186,-174,-126,-86,-46,87,0,-23,60,-70,
324,225,-8,-128,-199,-229,-216,-147,-13,2,97,60,11,44,-93,
329,219,-17,-140,-212,-245,-237,-175,-28,20,77,111,31,50,-67,
327,215,-22,-144,-216,-249,-239,-173,-7,10,63,113,28,75,-57,
321,212,-25,-147,-218,-250,-238,-165,44,4,62,84,3,84,-44,
320,215,-21,-142,-213,-244,-231,-157,48,22,99,30,-28,57,-41,
328,224,-12,-132,-201,-229,-213,-129,86,16,131,5,-57,-28,-90,
329,234,-5,-125,-193,-220,-201,-114,59,17,134,-15,-55,-22,-123,
320,242,7,-109,-174,-195,-168,-76,-31,-23,85,-61,-76,36,-104,
318,248,10,-104,-164,-176,-122,35,-70,-53,78,-102,-109,54,-139,
324,263,16,-99,-158,-167,-104,66,-77,-45,65,-127,-136,3,-141,
327,279,33,-84,-142,-147,-69,39,-84,-28,18,-149,-159,-63,-156,
339,279,64,-51,-103,-94,25,-32,-96,-11,-47,-169,-174,-147,-234,
327,241,73,-41,-93,-80,59,-39,-102,-26,-14,-156,-178,-184,-256,
293,192,85,-34,-89,-77,83,-42,-102,-9,-49,-179,-191,-152,-216,
285,193,80,-43,-97,-82,88,-52,-100,22,-116,-215,-198,-9,-186,
278,158,81,-16,-63,-37,125,-51,-90,-57,-151,-215,-186,-6,-189,
261,137,90,15,-30,-1,202,-35,-84,-63,-108,-161,-155,-202,-295,
262,158,162,30,-35,-17,238,-50,-112,-91,-87,-158,-192,-231,-292,
235,129,176,46,-34,-25,169,-46,-107,-67,-50,-152,-187,-215,-275,
208,120,135,60,-8,16,121,-65,-109,-58,-44,-135,-149,-182,-268,
37
101,95,188,-1,-75,-86,-22,236,73,113,47,5,-121,-276,-366,
238,118,112,-13,-94,-115,-63,166,24,57,68,-47,-109,-240,-334,
265,151,178,-19,-103,-125,-78,118,12,22,95,-48,-142,-259,-343,
252,156,196,-26,-110,-132,-82,139,-15,-13,54,-70,-121,-201,-287,
243,163,181,-28,-109,-128,-72,143,-18,6,29,-97,-125,-186,-277,
244,170,188,-18,-101,-124,-81,90,26,41,49,-100,-167,-233,-298,
239,182,187,-11,-94,-118,-80,62,49,32,11,-90,-158,-233,-301,
231,191,184,-11,-95,-124,-98,20,62,12,41,-70,-163,-227,-275,
237,183,167,-30,-114,-142,-113,16,53,15,58,-66,-135,-188,-244,
243,175,142,-46,-129,-156,-123,27,36,0,95,-61,-123,-161,-220,
246,192,111,-56,-134,-158,-122,41,28,2,86,-74,-122,-143,-206,
254,203,95,-63,-138,-160,-121,40,33,36,-4,-125,-135,-84,-161,
243,211,89,-54,-126,-148,-111,34,63,47,26,-98,-135,-154,-212,
234,244,78,-43,-109,-129,-97,34,85,31,89,-71,-169,-225,-262,
219,244,56,-62,-125,-144,-108,22,84,68,101,-73,-142,-186,-233,
245,246,48,-73,-140,-161,-130,-12,137,125,74,-91,-148,-187,-238,
291,194,37,-78,-143,-166,-139,-32,130,125,53,-120,-180,-181,-155,
311,210,24,-92,-156,-177,-144,-22,73,110,12,-141,-178,-141,-81,
319,182,24,-83,-144,-162,-129,-9,93,164,-5,-150,-195,-178,-118,
240,54,-25,-69,-87,-76,-22,74,83,125,40,-100,-169,-191,-176,
75,13,-28,-20,18,62,209,112,49,85,-2,-57,-85,-203,-295,
77,22,-33,-30,10,51,181,80,-12,-21,-43,-81,-50,-43,-163,
40,14,-38,-41,-19,-7,58,71,-44,-62,-16,10,22,75,-39,
16,-16,-53,-68,-56,-10,91,56,-10,-18,1,11,38,68,-3,
-13,-59,-84,-96,-79,2,142,17,22,36,-13,-8,77,90,28,
-29,-76,-100,-102,-76,4,61,-21,-35,-1,28,41,105,198,114,
-18,-66,-112,-123,-93,-23,-2,-44,-59,-31,64,160,113,193,196,
-45,-49,-115,-138,-114,-30,61,-25,-59,-37,77,216,94,167,189,
-29,-29,-67,-103,-106,-55,40,-54,-93,-61,73,163,89,187,180,
-6,-29,-76,-103,-97,-52,-37,-77,-78,-24,59,78,134,286,168,
-16,-35,-98,-114,-78,-15,-55,-76,-42,32,58,63,143,300,126,
-66,-44,-69,-110,-112,-42,139,-51,-73,-9,97,67,120,254,131,
-46,-21,-60,-114,-124,-67,381,-46,-84,-30,94,49,64,235,154,
-8,1,-59,-91,-84,-18,362,-26,-84,-68,7,20,28,235,66,
32,38,-31,-55,-47,9,256,-53,-120,-110,-18,24,13,217,-17,
77,116,21,-23,-44,-2,180,-89,-154,-143,-44,12,-17,126,-38,
136,144,58,-20,-54,-11,87,-104,-161,-142,-35,-13,-36,92,-68,
30
467,431,459,174,-40,-173,-261,-312,-325,-289,-169,9,-135,-254,-351,
402,339,391,248,-22,-168,-261,-315,-327,-286,-143,-11,-78,-191,-326,
373,314,354,277,-16,-168,-263,-318,-330,-288,-133,2,-39,-157,-319,
356,283,358,327,0,-156,-253,-308,-322,-281,-133,52,16,-172,-324,
342,249,370,373,19,-142,-243,-300,-315,-276,-136,56,-4,-165,-313,
335,241,319,375,44,-124,-226,-284,-299,-261,-129,45,-6,-188,-319,
315,213,251,320,61,-112,-216,-275,-291,-253,-116,71,8,-160,-299,
298,202,247,266,104,-93,-204,-266,-284,-247,-116,34,-12,-151,-288,
290,198,262,259,157,-68,-187,-255,-281,-259,-169,-7,-62,-158,-254,
284,189,241,250,178,-62,-186,-257,-287,-271,-184,68,-104,-166,-205,
264,193,214,233,194,-41,-163,-235,-266,-250,-162,93,-137,-197,-210,
250,182,210,186,267,-16,-151,-226,-255,-236,-146,27,-91,-165,-228,
243,180,228,173,231,20,-129,-206,-234,-211,-129,-67,-102,-178,-264,
244,174,237,157,199,24,-130,-204,-222,-176,-45,-94,-118,-192,-298,
233,164,223,130,122,63,-116,-199,-224,-186,-43,-66,-120,-162,-253,
229,158,200,121,88,108,-85,-175,-205,-171,-38,-66,-142,-186,-249,
243,150,201,102,54,167,-67,-167,-197,-154,35,-85,-154,-205,-279,
232,131,177,84,15,100,0,-132,-165,-112,14,-117,-146,-195,-286,
233,136,181,48,-21,18,76,-106,-150,-102,-28,-132,-140,-146,-247,
234,157,162,-3,-73,-70,66,-17,-91,-51,-69,-143,-107,-97,-249,
245,163,102,-24,-87,-86,25,38,-51,27,-26,-111,-75,-193,-314,
257,174,101,-31,-97,-104,-30,82,-25,35,17,-73,-87,-227,-331,
256,166,101,-37,-107,-119,-61,106,24,123,-56,-143,-130,-166,-277,
255,146,72,-37,-101,-111,-53,70,9,99,-27,-118,-103,-154,-267,
263,162,69,-49,-114,-125,-70,47,-5,93,-8,-109,-80,-146,-272,
241,129,69,-47,-117,-135,-89,54,-7,17,98,-42,-53,-158,-268,
206,83,43,-44,-116,-139,-101,55,24,18,122,-25,-47,-128,-235,
191,76,62,-44,-129,-160,-131,8,68,29,123,-42,-54,-85,-204,
200,91,66,-48,-129,-158,-129,0,98,56,66,-51,-43,-92,-217,
170,103,153,-31,-122,-153,-126,-3,89,60,88,-47,-66,-125,-229,
36
33,28,-30,-80,-93,-58,18,2,-9,47,50,10,51,92,-14,
-4,-6,-72,-110,-108,-55,20,-19,-20,47,69,38,69,127,123,
-26,13,-72,-116,-117,-72,0,-3,0,49,71,64,80,96,134,
-7,42,-45,-96,-103,-69,-12,4,18,44,30,30,67,86,87,
2,35,-11,-48,-62,-58,-34,-10,-13,-2,32,24,18,70,98,
38,37,17,-33,-66,-67,-43,-41,-52,-18,66,27,0,44,66,
125,53,18,-31,-84,-95,-32,18,-78,-70,90,-7,-66,-1,14,
317,247,70,-48,-108,-112,-27,47,-92,-81,83,-96,-175,-188,-185,
246,233,68,-35,-88,-88,-2,90,-50,-37,81,-74,-161,-216,-262,
232,264,82,-32,-89,-91,-3,92,-53,-34,114,-75,-167,-232,-287,
231,278,94,-40,-103,-108,-26,90,-51,-15,103,-56,-119,-225,-315,
215,250,98,-41,-107,-115,-45,104,-33,12,78,-68,-100,-201,-299,
229,230,116,-28,-96,-107,-45,90,-19,12,62,-63,-124,-222,-307,
221,214,121,-21,-89,-101,-42,127,15,48,70,-56,-155,-268,-349,
241,205,120,-22,-91,-103,-38,191,-5,23,49,-97,-172,-249,-317,
251,191,109,-44,-116,-132,-75,196,-18,0,110,-53,-107,-210,-303,
230,169,103,-46,-119,-136,-82,186,1,29,124,-38,-82,-216,-318,
238,201,83,-50,-117,-131,-76,193,8,38,89,-63,-115,-217,-308,
256,234,86,-49,-116,-130,-77,91,-9,7,80,-53,-104,-198,-288,
245,232,87,-42,-107,-120,-66,130,2,-3,25,-47,-104,-209,-295,
242,234,83,-36,-99,-114,-67,126,18,-22,9,-42,-132,-218,-284,
238,209,43,-59,-114,-124,-73,126,5,-18,98,-22,-132,-201,-252,
265,196,30,-72,-126,-135,-78,111,-28,-30,144,-37,-118,-163,-216,
289,227,36,-73,-131,-140,-79,173,-45,-43,151,-67,-144,-179,-223,
281,224,40,-71,-128,-135,-64,122,-67,-53,271,-73,-147,-183,-234,
144,157,107,16,-51,-73,-45,-14,-51,-56,-14,4,-14,-91,-174,
133,144,95,-14,-84,-98,-37,45,-67,-70,20,1,-12,-25,-145,
132,119,74,-43,-107,-116,-41,123,-71,-72,35,-11,-14,12,-145,
152,139,71,-43,-104,-111,-37,177,-54,-71,-26,-35,-15,-51,-174,
170,178,75,-39,-95,-101,-28,200,-41,-54,49,-9,-119,-187,-240,
189,155,89,-11,-66,-67,22,105,-41,-33,70,-78,-175,-232,-271,
184,109,126,16,-64,-76,11,95,-45,-17,31,-96,-153,-215,-285,
187,133,158,10,-64,-68,45,42,-64,-27,43,-104,-167,-230,-296,
224,151,210,40,-40,-42,97,1,-91,-70,29,-123,-214,-268,-308,
259,147,239,52,-32,-27,138,-34,-99,-51,12,-142,-213,-271,-326,
245,126,214,55,-38,-41,108,-6,-81,-38,-14,-121,-184,-273,-351,
43
101,107,29,-12,-60,-88,-85,-81,-99,-89,-15,62,22,57,66,
92,58,8,-19,-69,-108,-112,-91,-82,-75,-32,30,76,223,94,
40,42,-15,-103,-134,-115,-74,-99,-109,-50,92,59,80,294,120,
140,49,-46,-104,-121,-92,-33,-75,-102,-57,91,42,36,197,17,
217,76,-18,-78,-103,-78,32,-43,-104,-70,90,0,1,34,-132,
116,102,81,16,-7,25,45,-29,-58,-47,-50,-60,-42,-105,-193,
174,128,63,1,-21,15,73,-37,-82,-74,-62,-63,-33,-121,-222,
281,195,55,-24,-55,-29,79,-8,-61,-65,-94,-101,-46,-183,-293,
316,285,57,-57,-114,-119,-51,130,7,51,-24,-93,-110,-240,-340,
282,283,45,-70,-130,-142,-92,102,36,53,31,-69,-105,-214,-308,
295,285,41,-75,-136,-151,-105,84,22,16,63,-89,-146,-193,-255,
296,275,36,-79,-142,-161,-126,5,30,-1,95,-47,-122,-169,-222,
288,259,29,-85,-150,-173,-148,-49,53,10,86,-19,-94,-136,-184,
299,256,23,-92,-159,-183,-162,-67,88,9,51,-20,-89,-118,-156,
307,254,27,-90,-159,-190,-179,-111,40,42,61,2,-87,-122,-135,
314,253,32,-84,-153,-182,-171,-106,12,25,32,-15,-73,-101,-127,
314,245,30,-85,-153,-181,-165,-87,67,1,9,10,-55,-110,-158,
317,248,41,-77,-148,-179,-169,-98,96,4,10,35,-88,-147,-161,
308,247,35,-89,-161,-192,-178,-100,91,14,56,36,-77,-122,-144,
316,257,49,-76,-149,-184,-177,-115,57,61,79,38,-108,-178,-210,
302,222,44,-79,-153,-189,-186,-131,22,78,56,98,-65,-148,-188,
266,170,38,-81,-155,-188,-180,-114,69,55,81,72,-67,-123,-145,
236,113,37,-43,-105,-134,-120,-44,73,1,27,6,-106,-149,-134,
223,122,29,-32,-72,-96,-94,-33,105,-31,-56,-26,-102,-153,-122,
168,122,31,-51,-101,-115,-85,13,37,-28,-24,-27,-77,-98,-68,
148,98,52,-26,-82,-97,-56,46,-20,-62,-53,-57,-73,-60,-38,
127,67,25,-32,-81,-95,-57,64,-4,-65,-68,-48,-16,14,-22,
114,21,-21,-50,-82,-91,-43,34,-45,-53,30,29,-2,56,-19,
114,29,-7,-36,-75,-84,-22,47,-61,-64,38,-3,-57,-7,25,
102,49,15,-27,-66,-73,-32,1,-51,-61,-27,-33,-51,-11,76,
103,51,28,-14,-64,-78,-41,-21,-81,-92,-42,-4,-33,-6,84,
112,41,8,-11,-37,-34,0,-58,-115,-110,-35,-1,-45,-9,93,
129,49,14,-18,-65,-70,14,-5,-103,-100,12,-10,-77,-28,69,
99,24,-15,-46,-70,-62,13,-10,-87,-79,29,11,-48,1,75,
112,28,-11,-37,-63,-54,44,-7,-96,-96,-21,-17,-49,20,64,
112,44,19,-16,-62,-68,4,-7,-96,-97,-17,-16,-59,-7,57,
148,60,39,2,-57,-69,5,-2,-97,-95,2,-25,-82,-56,-48,
140,64,63,17,-58,-68,42,-7,-117,-116,7,-15,-111,-109,-78,
142,71,109,22,-72,-81,57,-38,-140,-130,31,-62,-134,-90,-8,
177,86,140,31,-68,-77,75,-47,-145,-135,-9,-80,-139,-95,-54,
186,122,167,55,-30,-31,141,-55,-150,-165,-101,-6,-124,-175,-177,
176,117,217,45,-40,-32,219,-78,-160,-161,-69,54,-114,-188,-239,
154,114,226,54,-22,4,150,-95,-160,-152,-60,49,-81,-193,-275,
39
175,148,88,29,21,63,11,-62,-86,-73,-60,-67,-100,-181,-250,
266,122,43,3,4,48,4,-67,-86,-54,-25,-73,-129,-193,-250,
271,120,44,7,8,66,73,-19,-51,-49,-74,-128,-176,-224,-267,
256,119,41,3,6,69,79,-9,-43,-55,-90,-133,-171,-217,-260,
236,123,43,0,0,80,60,-44,-71,-56,-76,-119,-144,-188,-245,
270,161,86,20,0,83,53,-75,-93,-27,-68,-147,-173,-238,-316,
366,337,126,26,7,93,-42,-133,-142,-56,-98,-189,-208,-256,-335,
299,308,126,53,68,75,-82,-149,-149,-54,-30,-125,-167,-277,-367,
281,316,120,51,79,44,-102,-166,-166,-80,-16,-106,-114,-240,-343,
297,326,135,81,116,-47,-162,-219,-223,-154,42,-92,-58,-156,-295,
315,319,146,88,91,-65,-175,-233,-240,-180,9,-83,-40,-108,-274,
334,313,159,85,56,-66,-172,-231,-245,-204,-81,-50,-18,-88,-244,
334,289,155,75,83,-38,-165,-236,-260,-235,-146,-51,-24,-39,-196,
292,211,118,55,67,1,-137,-215,-246,-232,-161,-44,4,-3,-125,
209,80,24,13,45,-21,-128,-191,-212,-187,-96,73,65,104,-25,
114,5,-30,-10,2,-52,-91,-125,-150,-140,-68,84,104,199,72,
75,-3,-36,-28,-14,-36,-70,-113,-143,-136,-74,51,100,198,154,
139,-3,-56,-63,-44,-44,-82,-126,-150,-134,-56,86,77,178,155,
123,0,-49,-53,-39,-49,-77,-109,-130,-117,-45,75,76,149,126,
22,-12,-10,-31,-45,-23,-19,-55,-67,-53,-28,32,119,58,40,
10,-16,0,-23,-43,-17,-11,-55,-62,-38,-14,31,95,51,43,
46,0,-32,-53,-59,-54,-56,-66,-63,-36,-1,25,62,112,129,
30,5,-7,-48,-77,-75,-52,-59,-79,-66,-5,66,79,108,150,
32,68,68,-18,-54,-49,-34,-50,-65,-52,-17,22,40,33,26,
65,90,51,-20,-49,-44,-38,-59,-74,-65,-36,4,36,32,17,
207,142,31,-17,-18,-14,-59,-90,-96,-100,-92,-35,20,-55,-88,
282,323,157,78,67,0,-120,-197,-232,-228,-173,-53,-45,-128,-176,
257,342,158,90,144,-12,-147,-218,-245,-227,-154,-52,-41,-100,-191,
228,312,163,102,204,-32,-158,-222,-240,-207,-110,-65,-40,-62,-209,
249,308,197,127,243,-42,-166,-230,-247,-210,-108,-88,-69,-96,-239,
276,298,225,148,220,-61,-181,-243,-258,-213,-79,-98,-100,-121,-259,
262,285,226,167,148,-83,-196,-257,-271,-227,-76,-68,-77,-64,-238,
291,289,225,167,126,-99,-211,-272,-286,-241,-71,-78,-96,-41,-240,
344,257,289,209,97,-110,-220,-281,-296,-250,-72,-79,-117,-134,-279,
346,269,285,240,80,-111,-217,-276,-290,-246,-89,-64,-100,-171,-300,
338,267,273,242,70,-114,-219,-277,-292,-251,-114,-89,-99,-69,-245,
324,268,284,264,57,-121,-226,-285,-301,-263,-127,-53,-87,-46,-229,
352,279,315,240,64,-119,-225,-285,-303,-268,-150,-8,-23,-153,-294,
353,281,309,242,63,-124,-231,-292,-310,-277,-157,9,-15,-141,-290,
34
-39,-80,-59,35,126,103,37,-30,-28,62,150,136,-3,-162,-247,
-28,-70,-50,36,129,102,28,-35,-35,49,157,131,-8,-170,-257,
197,44,23,7,-92,-150,-164,-137,-79,-7,90,132,130,-30,-143,
202,56,40,-19,-117,-165,-169,-126,-51,7,88,111,154,-18,-150,
264,143,39,-84,-158,-189,-173,-97,3,-1,61,59,114,-28,-174,
320,251,22,-101,-166,-185,-147,7,4,-25,-9,-87,-40,11,-204,
322,270,34,-86,-147,-157,-100,115,-2,32,-66,-145,-83,-57,-256,
329,285,57,-59,-115,-118,-43,56,-25,25,-68,-131,-71,-177,-308,
348,310,93,-18,-67,-54,30,-41,-85,-48,-56,-103,-130,-254,-349,
353,320,127,21,-17,3,-25,-114,-149,-130,-78,-64,-133,-253,-336,
329,299,140,54,43,46,-91,-176,-210,-198,-136,-58,-87,-181,-259,
328,308,160,72,82,15,-131,-210,-242,-225,-146,-40,-91,-156,-222,
342,341,205,135,132,-35,-151,-216,-239,-219,-149,-61,-102,-218,-302,
348,353,228,167,134,-70,-184,-249,-273,-254,-182,-73,-68,-175,-269,
359,345,234,178,110,-103,-215,-279,-301,-275,-184,-71,-64,-104,-237,
351,334,240,185,105,-103,-214,-277,-299,-273,-182,-79,-71,-94,-229,
355,315,253,167,164,-72,-194,-265,-296,-286,-223,-99,-91,-147,-198,
339,260,295,155,225,-57,-189,-264,-298,-289,-228,-98,-65,-126,-187,
334,248,319,158,233,-46,-180,-256,-290,-280,-214,-71,-90,-160,-210,
321,229,329,139,171,13,-150,-239,-283,-285,-230,-54,-113,-201,-207,
281,203,304,120,89,86,-102,-200,-246,-246,-189,-26,-92,-196,-246,
264,172,308,85,32,108,-75,-181,-223,-208,-126,-40,-87,-156,-239,
252,150,277,60,-3,77,-49,-174,-218,-197,-77,-13,-99,-141,-226,
246,147,251,54,-17,25,28,-133,-186,-169,-62,8,-101,-203,-288,
233,134,261,27,-51,-36,123,-99,-163,-143,-32,-41,-70,-158,-268,
226,128,269,6,-79,-87,17,-28,-122,-107,1,-36,-59,-153,-264,
222,122,212,-11,-101,-122,-66,45,-75,-73,44,-28,-66,-130,-232,
205,107,164,-55,-147,-179,-150,-7,25,-29,103,-4,-16,-71,-209,
208,106,148,-60,-153,-189,-170,-68,130,21,128,32,11,-118,-238,
203,99,117,-69,-165,-206,-202,-139,19,98,138,63,49,-55,-181,
206,105,78,-83,-173,-214,-210,-149,0,68,135,107,54,-23,-145,
213,124,87,-87,-176,-216,-210,-144,41,76,125,85,-3,-69,-159,
225,128,79,-75,-161,-200,-193,-128,56,125,131,18,-59,-114,-178,
330,160,44,-45,-103,-130,-120,-61,63,101,73,-54,-171,-250,-299,
20
317,173,97,8,-40,-30,60,-24,-101,-125,-136,-135,-90,-142,-246,
310,204,102,3,-40,-12,132,-55,-121,-131,-139,-148,-107,-142,-252,
328,274,105,-18,-64,-23,82,-111,-155,-114,-103,-181,-175,-96,-199,
339,293,118,0,-33,55,-54,-167,-193,-131,-64,-182,-182,-79,-195,
348,299,136,25,15,101,-114,-203,-224,-168,0,-143,-153,-124,-248,
353,299,166,65,99,18,-146,-221,-238,-188,-40,-109,-117,-181,-301,
340,282,184,84,142,-7,-154,-224,-238,-186,-63,-105,-56,-188,-325,
348,301,192,96,140,-10,-149,-218,-236,-197,-97,-64,-71,-226,-337,
374,346,215,142,163,-58,-176,-239,-258,-227,-137,-35,-79,-245,-347,
380,361,215,172,80,-118,-226,-286,-303,-265,-132,-24,-24,-132,-290,
391,372,224,218,36,-141,-244,-304,-323,-293,-184,27,-10,-83,-253,
397,402,216,230,24,-153,-257,-317,-336,-307,-196,94,-8,-81,-259,
399,376,233,250,25,-144,-245,-304,-322,-291,-179,36,-27,-120,-268,
400,354,246,285,19,-145,-245,-304,-324,-298,-199,83,-19,-149,-269,
382,323,255,305,14,-151,-252,-311,-331,-305,-204,80,8,-105,-253,
369,311,270,312,4,-158,-258,-317,-337,-308,-200,61,-3,-51,-244,
356,289,297,313,7,-153,-253,-312,-331,-303,-201,4,23,-73,-256,
337,269,336,285,11,-156,-259,-320,-340,-311,-204,40,5,-46,-254,
356,293,380,294,-17,-171,-270,-328,-348,-321,-223,-32,12,-54,-259,
359,297,386,290,-17,-169,-267,-327,-348,-326,-243,-88,31,-58,-249,
20
461,359,473,310,21,-130,-232,-298,-332,-331,-282,-126,-98,-278,-350,
434,328,437,277,-11,-162,-259,-318,-340,-319,-240,-43,4,-213,-323,
380,284,446,295,-22,-177,-276,-336,-357,-331,-237,18,162,-135,-294,
381,293,419,276,-27,-180,-278,-337,-357,-331,-234,35,121,-112,-284,
405,333,443,215,-36,-180,-275,-332,-352,-327,-237,-17,115,-155,-295,
421,340,470,235,-18,-162,-257,-315,-336,-316,-240,-74,70,-204,-320,
417,312,435,275,-14,-166,-264,-323,-345,-323,-239,-44,143,-162,-296,
408,321,426,231,-33,-180,-276,-334,-355,-332,-244,-25,195,-124,-278,
395,319,422,226,-36,-182,-279,-338,-360,-340,-257,-49,124,-59,-234,
373,276,422,360,1,-160,-262,-323,-346,-324,-237,-28,43,-49,-231,
354,255,399,338,26,-146,-252,-315,-339,-317,-228,-24,63,-51,-235,
336,238,347,225,71,-124,-236,-301,-326,-304,-215,-29,39,-25,-225,
319,215,317,148,189,-69,-199,-269,-294,-267,-166,-57,-40,-39,-231,
301,207,266,118,108,3,-144,-224,-255,-236,-143,22,-79,-162,-243,
302,200,237,86,53,60,-102,-191,-225,-204,-117,-27,-72,-180,-276,
300,205,215,66,26,65,-65,-152,-170,-114,-70,-126,-103,-213,-328,
293,181,153,58,10,29,-24,-111,-135,-79,33,-104,-187,-271,-341,
366,166,65,12,-2,-7,-51,-91,-88,-17,80,-68,-203,-306,-373,
368,156,58,16,13,-12,-76,-105,-78,35,74,-38,-208,-332,-406,
354,157,50,-9,-22,14,-16,-86,-91,-10,85,-28,-192,-323,-404,
38
424,329,330,321,43,-124,-224,-280,-294,-255,-133,9,-89,-268,-376,
366,336,334,306,30,-126,-222,-274,-284,-235,-82,32,-77,-272,-382,
308,331,338,331,20,-133,-228,-280,-289,-241,-75,23,-30,-231,-354,
321,335,344,346,7,-146,-241,-293,-302,-253,-73,-5,-8,-212,-349,
338,343,354,345,11,-142,-237,-289,-298,-248,-72,3,-43,-239,-363,
337,362,361,299,5,-141,-233,-283,-290,-238,-59,-1,-70,-256,-372,
348,356,361,289,5,-141,-232,-281,-285,-225,-9,-7,-64,-283,-398,
355,345,369,286,-2,-150,-242,-292,-299,-244,-42,-19,-1,-246,-376,
358,340,378,251,-9,-151,-242,-291,-296,-241,-49,-30,8,-232,-365,
371,329,371,259,-3,-145,-234,-282,-285,-223,-39,-61,32,-258,-386,
358,289,383,273,9,-137,-229,-278,-281,-218,-20,-49,30,-268,-393,
320,243,365,246,57,-109,-211,-266,-276,-226,-48,46,-67,-266,-378,
317,255,358,301,24,-135,-233,-288,-298,-249,-65,-17,-18,-193,-335,
325,254,396,355,17,-145,-244,-299,-310,-260,-71,-64,-31,-170,-333,
332,257,336,270,37,-129,-230,-287,-302,-261,-113,-14,-61,-159,-299,
314,227,271,206,73,-93,-198,-259,-276,-238,-92,-27,-126,-155,-238,
302,196,194,186,66,-36,-117,-172,-194,-173,-70,-16,-177,-250,-289,
277,187,157,140,62,-7,-53,-87,-117,-127,-94,-59,-173,-266,-319,
194,126,95,96,89,13,-50,-82,-92,-97,-94,-49,-43,-187,-272,
158,114,109,106,79,20,-38,-68,-67,-73,-106,-102,-41,-153,-256,
131,91,98,99,52,27,6,-33,-60,-64,-68,-65,-71,-160,-240,
139,63,33,52,77,46,31,0,-54,-71,-26,10,-111,-189,-228,
188,68,36,65,65,20,14,-2,-46,-64,-60,-71,-113,-173,-226,
188,72,41,71,63,15,20,14,-48,-80,-65,-21,-93,-198,-263,
179,81,64,112,51,-3,1,11,-46,-91,-96,-51,-61,-194,-276,
195,82,53,71,56,25,6,-44,-91,-108,-102,-76,-54,-142,-226,
197,80,44,50,54,35,-14,-76,-109,-105,-77,-59,-62,-128,-203,
216,108,78,67,30,7,-16,-62,-87,-78,-69,-82,-92,-157,-233,
218,111,97,85,31,28,24,-54,-89,-74,-80,-115,-120,-181,-265,
201,92,78,85,36,36,0,-95,-135,-117,-69,-83,-83,-113,-204,
208,93,62,78,61,7,-35,-74,-100,-108,-100,-75,-52,-124,-203,
188,94,64,93,137,46,-24,-70,-93,-89,-66,-80,-142,-200,-239,
168,122,106,121,171,67,-16,-62,-86,-92,-86,-116,-185,-241,-274,
167,150,147,120,116,43,-31,-69,-83,-81,-67,-85,-173,-252,-302,
208,154,119,109,102,43,-15,-66,-104,-109,-52,-81,-204,-270,-297,
215,175,178,135,95,51,-35,-100,-122,-87,16,-111,-229,-305,-355,
209,172,229,134,71,3,-88,-142,-142,-57,130,-61,-178,-303,-385,
238,191,234,154,106,8,-102,-162,-166,-90,185,-77,-186,-300,-382,
